629933383622983692,
7,
41238.3756582737
0
0
1650554116.3685887
0
1650491774.483553
141.51840448379517
412269518782726155,
4,
21593.582981586456
0
0
1650538104.960481
0
1650474368.5927567
3671.348910331726
335906298472300554,
3,
33927.46244645119
0
1
1650537173.1008623
0
0
0
924705631326322699,
4,
18310.272319555283
0
0
1650545791.478987
0
1650473738.3074994
665.8380081653595
292286970397196289,
2,
30354.31679916382
0
2
1650557346.3923652
0
0
0
220954914166145026,
2,
13605.362170219421
0
0
1650473823.7106848
0
1650486103.0007255
2574.745320081711
322777797984518145,
1,
3883.806722640991
0
0
1650473975.7779589
0
0
0
122094623979077634,
3,
411.89792943000793
0
0
1650546679.941042
0
0
0
312650789732483084,
1,
19472.354813575745
0
0
1650537179.961721
0
0
0
